97
1 77 0
2 76 1
3 75 2
4 0 2
5 73 2
6 72 2
7 71 2
8 70 3
9 69 3
10 68 3
11 0 0
12 66 0
13 65 0
14 64 0
15 63 0
16 62 0
17 61 0
18 60 0
19 59 0
20 58 0
21 0 0
22 56 0
23 55 0
24 54 0
25 53 0
26 52 0
27 51 0
28 50 0
29 49 2
30 48 2
31 47 3
32 0 3
33 0 3
34 0 3
35 46 3
36 45 3
37 0 3
38 0 3
39 0 3
40 0 3
41 0 3
42 0 3
43 0 3
44 0 3
45 36 3
46 35 3
47 31 3
48 30 3
49 29 0
50 28 0
51 27 0
52 26 0
53 25 0
54 24 0
55 23 0
56 22 0
57 0 0
58 20 0
59 19 0
60 18 0
61 17 0
62 16 0
63 15 0
64 14 0
65 13 0
66 12 0
67 0 0
68 10 2
69 9 3
70 8 3
71 7 3
72 6 2
73 5 2
74 0 3
75 3 1
76 2 0
77 1 0
