1 133
2 132
3 131
4 130
5 129
6 128
7 0
8 103
9 102
10 101
11 100
12 99
13 0
14 0
15 30
16 0
17 0
18 27
19 26
20 25
21 0
22 0
23 0
24 0
25 20
26 19
27 18
28 0
29 0
30 15
31 0
32 0
33 0
34 0
35 0
36 0
37 97
38 96
39 95
40 94
41 93
42 92
43 91
44 90
45 89
46 88
47 87
48 86
49 85
50 84
51 83
52 82
53 81
54 80
55 79
56 78
57 77
58 76
59 75
60 69
61 68
62 67
63 0
64 0
65 0
66 0
67 62
68 61
69 60
70 0
71 0
72 0
73 0
74 0
75 59
76 58
77 57
78 56
79 55
80 54
81 53
82 52
83 51
84 50
85 49
86 48
87 47
88 46
89 45
90 44
91 43
92 42
93 41
94 40
95 39
96 38
97 37
98 0
99 12
100 11
101 10
102 9
103 8
104 0
105 0
106 0
107 125
108 124
109 123
110 122
111 121
112 0
113 0
114 0
115 0
116 0
117 0
118 0
119 0
120 0
121 111
122 110
123 109
124 108
125 107
126 0
127 0
128 6
129 5
130 4
131 3
132 2
133 1
134 0
135 0
136 0
137 0
138 0
