1 0
2 0
3 0
4 0
5 0
6 0
7 0
8 0
9 0
10 143
11 142
12 141
13 140
14 139
15 0
16 0
17 0
18 0
19 133
20 132
21 131
22 130
23 0
24 0
25 114
26 113
27 112
28 111
29 110
30 109
31 0
32 0
33 0
34 105
35 104
36 103
37 102
38 101
39 100
40 0
41 0
42 97
43 96
44 95
45 94
46 93
47 92
48 91
49 90
50 0
51 89
52 88
53 87
54 86
55 85
56 0
57 83
58 82
59 81
60 80
61 79
62 0
63 78
64 77
65 76
66 75
67 0
68 74
69 0
70 0
71 0
72 0
73 0
74 68
75 66
76 65
77 64
78 63
79 61
80 60
81 59
82 58
83 57
84 0
85 55
86 54
87 53
88 52
89 51
90 49
91 48
92 47
93 46
94 45
95 44
96 43
97 42
98 0
99 0
100 39
101 38
102 37
103 36
104 35
105 34
106 0
107 0
108 0
109 30
110 29
111 28
112 27
113 26
114 25
115 0
116 0
117 0
118 125
119 124
120 0
121 0
122 0
123 0
124 119
125 118
126 0
127 0
128 0
129 0
130 22
131 21
132 20
133 19
134 0
135 0
136 0
137 0
138 0
139 14
140 13
141 12
142 11
143 10
144 0
145 0
146 0
147 0
148 0
149 0
