1 0
2 0
3 107
4 106
5 105
6 0
7 0
8 0
9 0
10 0
11 99
12 98
13 97
14 96
15 95
16 94
17 93
18 87
19 86
20 85
21 84
22 83
23 82
24 81
25 80
26 79
27 78
28 77
29 76
30 75
31 74
32 73
33 72
34 71
35 70
36 69
37 68
38 67
39 66
40 65
41 64
42 63
43 62
44 60
45 59
46 0
47 56
48 55
49 54
50 0
51 0
52 0
53 0
54 49
55 48
56 47
57 0
58 0
59 45
60 44
61 0
62 43
63 42
64 41
65 40
66 39
67 38
68 37
69 36
70 35
71 34
72 33
73 32
74 31
75 30
76 29
77 28
78 27
79 26
80 25
81 24
82 23
83 22
84 21
85 20
86 19
87 18
88 0
89 0
90 0
91 0
92 0
93 17
94 16
95 15
96 14
97 13
98 12
99 11
100 0
101 0
102 0
103 0
104 0
105 5
106 4
107 3
108 0
109 141
110 140
111 139
112 0
113 137
114 136
115 135
116 134
117 133
118 0
119 0
120 129
121 128
122 0
123 0
124 0
125 0
126 0
127 0
128 121
129 120
130 0
131 0
132 0
133 117
134 116
135 115
136 114
137 113
138 0
139 111
140 110
141 109
142 0
143 0
144 0
145 0
146 0
147 0
148 0
149 0
150 0
151 0
152 0
