1 0
2 0
3 0
4 0
5 158
6 157
7 156
8 155
9 0
10 153
11 152
12 0
13 150
14 149
15 146
16 145
17 144
18 143
19 142
20 141
21 140
22 0
23 0
24 0
25 0
26 134
27 133
28 132
29 0
30 128
31 127
32 126
33 125
34 0
35 0
36 0
37 122
38 121
39 120
40 119
41 118
42 0
43 0
44 0
45 115
46 114
47 113
48 112
49 111
50 110
51 0
52 0
53 107
54 106
55 105
56 104
57 103
58 0
59 101
60 100
61 99
62 0
63 97
64 96
65 95
66 94
67 93
68 92
69 91
70 90
71 89
72 0
73 86
74 85
75 84
76 0
77 0
78 0
79 0
80 0
81 0
82 0
83 0
84 75
85 74
86 73
87 0
88 0
89 71
90 70
91 69
92 68
93 67
94 66
95 65
96 64
97 63
98 0
99 61
100 60
101 59
102 0
103 57
104 56
105 55
106 54
107 53
108 0
109 0
110 50
111 49
112 48
113 47
114 46
115 45
116 0
117 0
118 41
119 40
120 39
121 38
122 37
123 0
124 0
125 33
126 32
127 31
128 30
129 0
130 0
131 0
132 28
133 27
134 26
135 0
136 0
137 0
138 0
139 0
140 21
141 20
142 19
143 18
144 17
145 16
146 15
147 0
148 0
149 14
150 13
151 0
152 11
153 10
154 0
155 8
156 7
157 6
158 5
159 0
160 0
161 0
