1 0
2 0
3 134
4 133
5 132
6 131
7 0
8 130
9 129
10 128
11 127
12 0
13 0
14 0
15 0
16 25
17 24
18 23
19 0
20 0
21 0
22 0
23 18
24 17
25 16
26 0
27 0
28 0
29 0
30 0
31 0
32 0
33 0
34 0
35 0
36 0
37 0
38 0
39 121
40 120
41 119
42 118
43 117
44 116
45 115
46 114
47 112
48 111
49 110
50 109
51 108
52 107
53 0
54 0
55 104
56 103
57 102
58 101
59 100
60 99
61 98
62 0
63 96
64 95
65 94
66 93
67 92
68 91
69 90
70 89
71 88
72 87
73 86
74 0
75 0
76 0
77 0
78 0
79 0
80 0
81 0
82 0
83 0
84 0
85 0
86 73
87 72
88 71
89 70
90 69
91 68
92 67
93 66
94 65
95 64
96 63
97 0
98 61
99 60
100 59
101 58
102 57
103 56
104 55
105 0
106 0
107 52
108 51
109 50
110 49
111 48
112 47
113 0
114 46
115 45
116 44
117 43
118 42
119 41
120 40
121 39
122 0
123 0
124 0
125 0
126 0
127 11
128 10
129 9
130 8
131 6
132 5
133 4
134 3
135 0
136 0
137 0
138 0
139 0
140 0
141 0
142 0
143 0
144 0
145 0
146 0
147 159
148 158
149 157
150 156
151 0
152 0
153 0
154 0
155 0
156 150
157 149
158 148
159 147
160 0
