97
1 82 0
2 81 0
3 80 1
4 79 1
5 78 2
6 0 2
7 76 2
8 75 2
9 74 2
10 73 3
11 72 3
12 0 2
13 0 0
14 68 0
15 67 0
16 66 0
17 65 0
18 64 0
19 63 0
20 62 0
21 0 0
22 60 0
23 59 0
24 58 0
25 57 0
26 56 0
27 55 0
28 54 0
29 0 0
30 0 0
31 0 0
32 51 3
33 50 3
34 49 3
35 48 3
36 45 3
37 44 3
38 0 3
39 0 3
40 0 3
41 0 3
42 0 3
43 0 3
44 37 3
45 36 3
46 0 3
47 0 3
48 35 3
49 34 3
50 33 3
51 32 3
52 0 1
53 0 0
54 28 0
55 27 0
56 26 0
57 25 0
58 24 0
59 23 0
60 22 0
61 0 0
62 20 0
63 19 0
64 18 0
65 17 0
66 16 0
67 15 0
68 14 0
69 0 0
70 0 0
71 0 0
72 11 3
73 10 3
74 9 2
75 8 2
76 7 2
77 0 2
78 5 1
79 4 1
80 3 0
81 2 0
82 1 0
